2202
1968
2154
2006
2154
1999
2168
1996
2162
1996
2158
2010
2157
2001
2160
1999
2159
1993
2149
1999
2150
1998
2158
1991
2159
2087
2150
1999
2150
2002
2156
1998
2155
1996
2154
1999
2157
2009
2154
2002
2169
1993
2159
1999
2176
1980
2158
1994
2152
2000
2153
2001
2149
1998
2152
2156
2151
1997
2156
1998
2153
1998
2383
1769
2156
2014
2161
1995
2157
1996
2159
1997
2152
2005
2156
1997
2159
1997
2154
1997
2151
2005
2151
1999
2154
1995
2153
2001
2160
1994
2153
2000
2152
2000
2150
1996
2157
2006
2157
1998
