4133
4137
4137
4129
4132
3169
4133
4134
4133
4140
4132
4131
4131
4130
4132
4130
4133
4131
4131
4131
4131
4131
4126
4131
4128
4127
4128
4125
4134
4134
4129
4128
4130
4127
4129
4139
4133
4130
4131
4130
4126
4128
4130
4129
4129
4128
4139
4125
4132
3140
4129
4132
4136
4126
3141
4128
4129
4131
4128
4132
4126
4128
4130
4210
4134
4129
4127
4126
4125
4132
4156
4131
4125
4124
4133
4129
4128
4129
4125
4132
4129
4124
4131
4129
4131
4127
4126
4126
4127
4128
4117
4129
4129
3141
4125
4125
4130
4128
4132
4130

